num_layers:4
parameter:0
dims:['8', '30']
name:coefficient
values:[0.935832700905606, -0.38779316422226734, 0.15234002130558277, 0.9133912084039743, -1.524629069084235, 3.835534210721172, 0.3621409362136972, 0.774459753462237, -2.8955865649697916, -1.0836260489656324, -3.378640583999735, -7.8209045791902625, 2.1052706217195336, 0.5226964799834639, -0.1337570927084884, 0.09142458099501916, -1.4528435601436314, -5.554701352954189, 3.5135619471987694, -0.2888011439609807, -0.031699207203021836, -3.027638108726244, 0.9653791116079082, 0.45806015747881096, -3.885097904781826, -2.568205079005501, -2.369589095817362, 1.8148391404872224, 0.5757953823033926, -1.0980741246125063, -7.65657556880744, -0.9486428475852948, 0.348688901060612, -5.0631809182323915, 1.1566764651044494, -4.334296410042662, -5.249321729166104, -0.886035833735649, -5.0102837332360854, 0.6573840968972007, -7.244088430265624, -1.4165981769511296, 0.8714522816607497, -3.3994003554459695, 4.186445928733294, 0.7019365033932478, -3.3536041379054478, 0.1515297120723605, -1.615733233527869, -2.187182931031232, 3.1330228793315773, -2.450929641795838, -0.9769113467727417, 0.3316090887798129, -1.2469599492795447, -0.8478612871199569, -5.665757882618361, 2.4131758893371855, 0.6061041702829599, 1.7067017978562664, 9.646894103133864, -3.981810590663219, -4.580403240884308, 2.0533073334259675, -0.8501383845208653, 4.112603424004841, 3.374552439072704, 2.244087559307587, 2.892877268000469, -0.9951769234186988, 8.434940392550756, 1.2452273217935805, -0.04629345105679868, -1.4315672988329817, 2.3501153365901692, 0.25315462543104256, 1.0894870569790642, -1.268616139109218, -1.798780407413368, -0.8064671946826782, 0.8375376521722121, -1.1028090024035004, -2.0435965019840525, 3.8367674532009466, -0.1508797102089524, 0.8620502043047223, -0.3118561025968806, 1.0060087079474382, -1.2003513336816036, -1.216724133581243, -5.743758297848737, -3.7036704945443417, -8.318991460950194, -5.756784287999781, -8.176124099173018, 0.7247648591215027, -1.9594106664444726, 0.31609360076630505, 2.9144337847595443, -6.752759417516275, -5.028246385627208, -0.9588324795040803, 3.447029496118684, 1.901938477245326, -7.054513290117614, -2.957744649036163, 1.6643671273938703, 1.4703898879292856, -1.7986081452303126, 1.7857363769374892, -4.196425359207985, 1.6740282376833124, -3.5002141418707953, -7.785430234113026, -0.6799572651297443, -2.329818159861549, -0.09066898349339807, -3.1530029458135145, -2.2692832076287788, -1.9600926990223395, 3.1326746300261785, 5.215809702335751, 4.622883104343262, 6.032897466141687, 5.7726395534156145, 1.0964494133456595, 3.875327061721207, 0.5685677982894493, -3.252232424655396, 5.645973198650269, 7.3008523235809895, 1.300195448154697, -2.5525560640017093, 0.004563281892850477, 4.23580647599857, 1.7835954582845253, -0.4291376563323879, -0.4755774258232051, 2.988005193152774, -1.4741979520371078, 1.1115138969413263, -0.8274934887021548, 1.5902466837363192, 6.331525487167272, -1.0908981266197249, 2.819707119053967, -2.778853931667033, 2.705139180800827, 0.787609793758587, 4.5153886380024, -2.979059123196753, -2.2852270433899746, -1.2822856479523024, 2.5150672090851933, -2.731254132415481, 1.1540561074168512, -1.8702074174932415, 1.333146672079336, -2.9573534789102545, 1.153336032098249, 3.2837135850324977, -1.7837598337010734, 0.11460969762574726, 1.4604356183360399, 1.6869271919134934, 4.965210109579036, 0.7067965937520021, -2.1972021533574138, 1.6297432083129173, -2.563339370948595, 1.6355018921436455, -3.759906681355664, 1.6842492508889375, -4.717067946866246, 2.7838354784037644, -1.5320698500185441, 1.247328140967708, 3.3837393391768575, 3.719142830876528, 1.5008521501743362, -1.0724548077580156, -0.574301060159494, 0.38297415706639065, -4.269382504348285, -0.22970765537063553, -0.8850423278399644, -0.058328637576418714, -0.9978116315016492, 0.17459833501717628, -2.279903493271008, -1.0650806794381946, 1.5911080656871763, -3.6323662783640995, -0.2872503856916741, -0.24862206391537653, -1.4589706863277652, -0.8725771016965802, -1.819825916104701, 0.14489689011854281, 0.9457845110613815, -1.784291426323415, 2.2755897504108407, -2.05368291634352, -2.2014256562350822, 1.0131958311063873, -1.4131273393869552, 0.6965960711704557, -1.2267626939008585, -2.7475254025724403, 0.7763507113218278, 0.7125614293870463, 4.520364437520963, 1.9896644628035287, -4.167863032785051, -1.5121562109260962, -3.228833630503938, 3.2826390962142162, -4.026743575309984, -1.4138679637569602, -3.3844647626500075, -1.7971352796814086, -4.362028993531561, -4.18843066992464, -0.506706475686109, -6.283136922464022, -1.0174212511672653, -5.161823065134994, 3.208263762020284, -2.7504695368743857, 2.856977650756961, 0.17700925234492212, -0.5723229690736245, 0.32281004886267184, -0.5778429745850933, -1.3418731136392332, -7.231127160479342, 1.0733753949797338, -2.0000868172741866, -0.058171977598268136, 6.035775165033874]
parameter:0
dims:['1', '30']
name:intercepts
values:[-0.5580399543419946, -1.752984795679721, 0.7481570974171418, -4.0879120047006445, -2.2418839237387735, -3.3477101830275036, 0.0014010500009497774, -1.8168072532605861, 1.0944972139782148, -2.9112947895723966, -2.3609914800605054, 1.1425259815568423, -1.8242755081742033, -2.187658808328804, -1.8218976984769573, -2.064807164192211, -1.9307591027694895, -4.04726916120931, -1.7642826038799042, 1.3712186034437206, -2.047208107480249, 1.6154934741578264, -0.8696186802784031, -1.7950010333062867, -1.0433586012319944, -1.889537867388419, -0.07273186456860639, -1.1663614390993917, -2.9678994699168353, -1.0487817097853431]
parameter:1
dims:['30', '15']
name:coefficient1
values:[1.397859153022499, -0.24855238643001318, 0.6323215949504023, 2.8111183697845292, -2.2184670810498366, 2.643791388522336, -1.5584345169083758, -1.8758458796398958, -1.3963516042215356, 3.7883840125275103, -1.965039504741463, 2.3020695475069903, 1.5831664710352096, -2.1539524497027593, -0.7257794872270402, -0.0022258454099740995, -0.03167448426117347, 1.050502735348412, 0.9878693443039436, 3.2978402394346875, 0.04400319954655013, 2.6621742863407194, 0.7808490872877687, 0.37387127964023287, -10.042978568363464, -1.1514093632215663, -5.415567551543193, -2.371319780180343, 2.565153437721693, -0.5345907219009836, 2.113732568835382, 0.2937384250263909, -0.6558120864269619, -1.7437732745021175, 0.1988386440113746, 0.8255432776269935, -1.7850144712521807, -1.9121177108051657, -1.2054065139525438, -4.733616147817247, -0.8836499735344285, 0.4639527617041013, 1.057409725813344, -2.210170901794832, -1.1928614093789829, 0.765623249634638, 1.9882827670687935, -1.6915365379741514, -3.013196979742996, -2.5936793856672633, 1.0324930338941432, -3.6490062458153707, -0.8542870033625017, -1.325678124147606, 2.295411519686059, -2.326668837355699, 2.396647025529131, 2.202885280162364, -2.7364847316687997, -0.9748218617950795, -3.4293254043305357, 1.3843654978310969, -0.9893744890094344, -2.230429130228795, 2.7818650837826193, -1.3843401547143952, 1.5481511581712895, 0.8917832694576868, 0.2857066617149921, -4.405838970988934, 1.9731807455892494, 0.07339646647310412, -1.0579227651619965, 0.5661811990626021, 0.22768830468945692, -0.5245946051875685, -4.425356505727856, 4.988686633081681, 5.59087669477461, 1.5747938670424644, 1.7107685081853825, 3.4903202257518755, 1.6731844066306303, 0.02462312210211713, -8.423727219031223, 2.6792324703007893, -2.6639125633919614, -2.03900264429384, 2.7316415298281327, 3.3212186043649248, -0.789543959510046, -0.21928858058148207, 1.2460737258361836, 1.3400820829806597, 0.504115235400851, -0.4960396357385456, 2.243905324918885, 0.8326705437536932, 3.273460355585394, 3.8772295860010058, 0.6845765923733318, -3.596409024312221, -2.5092657255326887, 2.2076694549420726, -0.8041112150816468, -0.6496180173888345, -0.7167119061684539, 1.0216396590111654, 1.7795910555587207, 2.8141059843908973, 0.9036393528190733, 0.5833782079717584, 1.7217925205014588, -1.468026864512744, 2.210785685713454, 2.9161840319267553, -1.5445342171328433, -1.8895849541216179, 1.6680839444498878, 0.5584484431754714, -3.493626173355183, -3.423046082940526, 3.6292903181946485, 2.0359330070969324, -6.001802455584879, 1.7457236408250676, -1.2379484286438334, 0.6438829923908558, -0.547661646024452, 1.9114832191564348, 0.9361428884153243, 2.5652490763264573, -0.727522602903723, 0.5020337639562718, 4.165413567191242, 0.5958583337087577, 2.0743249533001586, -2.249992290113407, -3.832938467564455, 1.8718161999138632, -1.1686693587100518, 0.10158320857167566, -0.7025583830634771, 0.27471907316085903, -8.271373490056742, -1.7753850477364532, 0.026743074870746345, 0.8869428029236738, -1.256399923373105, -0.47826687698510767, -0.06263525796791684, 0.7062394185926076, -0.6341462066588751, 0.8904429856247918, 1.9147292509342224, -3.417157143791176, 2.8314445654444005, 1.0958367580074047, 3.607908591218162, -0.8324390057409119, 1.2688444095536626, -2.7988183915183726, -1.3820425806388419, 2.251357747097048, -0.5829040481173462, -0.8112421371012692, -1.436372337163395, 1.6374377694475835, 4.135025703309649, -3.0489787980633167, 1.4567336269669604, -0.2884418747143194, -0.3322105819821608, -1.8830373705726577, -1.8590377706354442, -1.2781925789262147, 1.179568789676585, 0.2905491111940573, 0.11174571780732884, 2.078795058435874, -0.4231736477998125, 0.25608243958918264, -0.33833675323452894, -0.5615325083767718, 1.3828347676053772, 0.6018212147472625, -0.16792213566242684, -1.9757636799481828, 0.32049742929003955, -4.835516868310034, -3.666024625675106, -1.934719830737132, -0.20869348403000954, -0.14417367982443893, -0.1297767206787002, -0.37319285033017285, -1.1754457227959836, 0.8262273237535706, -0.2824714614129518, 1.3213384663228664, -0.27784722393850014, 3.1287631399996565, 2.6043281488600063, -0.4154141663784639, -4.026372793913752, 4.095519578462262, -4.202792344823045, -2.737986046788884, 4.0086351098570985, 0.8252429071153871, 0.9986095106915202, 1.9746338077539074, -1.7856821570242594, -2.719854692260759, -2.1707713965143385, 5.141351898131325, -3.122000571126611, -1.3959066938264626, -2.451667389826204, -0.2036028582805892, -2.3476213348731596, 2.5167095503423544, 3.3465401551044307, -2.5275135244612765, -0.7133379737275638, 1.4847590361131449, 1.5662910594883475, -1.6320433798750922, -1.8664503346603776, -0.13625969082645886, -1.664096209272398, -1.8214690542329866, -1.598889704991491, -1.5722185770946906, 2.1710881469615124, -1.190476043410586, 1.4501909181121255, 1.3758644313584005, -2.430332294559182, -0.7399416044143855, -2.015399383046984, -2.577714655586848, 3.574937429202292, 5.2468714755678105, 2.811586153884298, -1.4489731731381106, 2.3526777020683816, 1.4557304457975748, 0.06284103973585062, 1.2747860543416916, 2.901720082912366, 0.03490815304889147, -2.035459200433708, 2.8364421534549833, 2.167849057294014, -2.0124073196133008, 0.11975582048138202, 1.786366992961138, -3.746840238996193, 1.1283539550674937, -1.7847583370348743, 0.04426666158248519, 0.5112537063479482, 1.5944506019548657, 2.189915918514597, 0.514953697864464, -0.44759099955418025, 1.6547876426426906, 0.6485332407725928, 1.2592564004791025, -0.6860501224075805, -2.3263802454053013, 0.3589160361330073, 3.40498750301732, 5.6274980322597346, 1.4176934812097852, 1.832364544141978, 0.09517835940858295, -1.0063944881945686, -3.89454808760648, 1.1370319737183983, -2.6183056820063055, -0.2219228818467702, 0.9184016349733869, 0.2258625464392983, -1.9460007826114314, -4.06173599033901, 2.419022217652546, 0.7845066062088274, -2.809539700588651, 0.047695546710600105, -0.7322202238015043, 0.5792352909271508, -0.4007378737965956, 0.3125728366335735, 0.8750873747976838, 2.072925383614658, 0.5150923638072853, -0.20854425515930847, 1.219142665986384, 1.3349427135422354, 1.51470205345217, -1.6360702804510305, -1.6448299096106984, -1.7498370080443484, -4.691035604983523, -1.6966403186744132, 0.45019188310510017, -0.2576787691742745, 8.543075113895096, -0.7921692190590812, -0.3822169142582565, 0.21937428793793898, -0.33149313651015505, -1.2372613968684634, -3.357832285097741, -2.525811330980968, 1.578590475900855, 0.4917281349042959, 0.5621276260576348, -1.187066585382138, 0.4767144200647511, 0.8511111689144449, 1.1392850171584628, 1.5754378840420749, 1.0247045782426047, 1.2168331604955716, -0.4662345202311306, 0.12037957083635695, 1.910113357555386, 0.6559120221590933, -0.2393968769168441, 1.0114914066520093, 1.147740691692953, 2.483273131637622, 0.682030986226537, -1.8713847673676176, -1.1248880027282326, -0.6540368488760403, -2.547132415685378, -1.5580655228793208, 0.7466067548137209, 1.1467105685607661, -0.6437519943643135, 0.10013903422423134, 2.545886494073329, 0.8924060738814038, -1.2025797988488456, -1.7738796084594413, 1.941529140132666, 0.3947149542328661, -2.803463453074691, -1.3738174416051463, 1.0519314790237235, 3.0887355197268014, -1.3181676958425699, -0.5127650285663108, 2.1292265741690892, -3.0918300688101352, -2.212881064491749, -0.36288205619648073, -0.7790897164377456, 0.825706246155537, 1.1497076931924188, 2.5326833768012977, -0.7773227484807935, -0.9656353049714164, 0.20417446940037162, -1.2261395450206185, 2.1555026508801483, 1.9696073359828872, -0.31501751749493745, -0.35142665409204127, 0.6409181001017276, 1.11801175355461, -0.6769557577280794, -3.227121154070102, 3.4419447964368977, 2.7162246837008968, -0.9780694238919692, -3.5692585528803247, 3.233861210001683, 2.1885073570534144, 4.067281274018495, -2.7519027375274496, 2.862035994186792, -0.387552330515893, -2.523838540210843, 2.7175633780226374, 2.9194617641506198, 1.2306259368557864, -0.14395932348385973, 0.447745769479206, 2.8016831705822374, 0.10504553870420003, 3.3405100163032184, -1.6524839071756414, -3.1366655461208244, -1.1641447102050586, -3.946417205699111, -2.4187943892526014, -0.2518426528059486, 2.2320644440659856, -1.5848336207625588, 2.0883718616849745, 0.08356126909203788, 1.401714074253121, -1.6466659989886374, -1.54994399393275, 1.2358717394369194, -2.9385494835221087, 0.38379663270405245, 0.20185264273590903, 1.69351021772989, 4.5639034067491515, 0.5584480264862766, -1.0376876120152316, -0.5020685594632335, 0.6649348709829622, -0.9694487171619214, 2.6910782066772314, 1.0829790772761392, -1.3276079712428168, -0.6834051771033736, 1.323816536566949, -0.7789699229900507, -2.001512166731046, -1.3908130037386113, -1.5950571132239837, 0.2532391637905694, -2.377468422761661, -0.046326647068932386, 1.1250700799881002, -1.9014254381328053, -0.9333296536078216, -0.3034942179345133, 0.424614601232031, -1.173916617038436, -2.4240353655406746, 2.9465098525721936, -2.9170758119293447, 1.3019639169615418, 1.634336641740704, -0.016764862467712555, -3.25213122822606, 1.6286369235273555, -2.61239655776259, -0.22397531878766083, 0.2010633770456374, -1.7237288503025185]
parameter:1
dims:['1', '15']
name:intercepts1
values:[-0.5744867699297415, -0.915697519370052, 0.6577105265757354, -0.33124561419737913, -1.669581401840423, -0.5084408415255977, -0.6818975811957926, 0.5659079657172223, -0.06414749822991561, 0.2464906679751173, 0.17189906944204014, 0.6426782376469595, 0.10590755531148294, -0.5774762437267813, 0.3914724690248862]
parameter:2
dims:['15', '4']
name:coefficient2
values:[0.13477990390989644, -5.05274127363274, 2.900123271329878, -1.1190933071112859, -6.645245910298568, -1.734204593025256, 3.192543611145374, -1.758209876980829, 2.6971231100551343, 0.17625856731807532, -4.758269438795207, 1.0747110783436216, 5.345083762180345, -1.2450077983723047, -2.764865831575961, -2.730467043181121, -1.3873228021631896, 1.6631509692977169, 1.9493978105702976, -2.8127476603717807, 3.8231716873717745, -5.039487961953621, 1.1029769696955178, -4.273398166773067, -2.5494448532677247, 4.74516615919771, -0.17964184905742636, -4.053128927904632, -3.0399962547083104, 1.173843528069349, -1.7588605280384213, 0.8243981009045881, -6.275077978081648, 5.24304337882693, 2.80681285444625, -0.05789012951266511, -7.021852257151556, -4.8426893755514095, -2.1526507292953885, 7.392638494139234, -4.523507587323742, 1.0758740473749884, -0.7820882579048342, 1.04547458433596, 4.824166693589011, -5.948695538269236, -1.952947700823293, 0.5741597111356119, 1.1855276785630524, -5.4626451127435605, 0.798095604646616, -1.4266708734313311, -4.046914356114324, 4.101733614896127, -1.8309174673231086, -1.3201163542690144, 1.4995774016970493, -0.8730683129872239, -4.995950124760719, 0.8100225672607396]
parameter:2
dims:['1', '4']
name:intercepts2
values:[-0.16179154050941758, -1.3139971651252016, 0.29220501474120886, -0.22570702202517387]
